Handles  NPM(K)    PM(K)      WS(K)     CPU(s)     Id  SI ProcessName                                                  
-------  ------    -----      -----     ------     --  -- -----------                                                  
      0       0       60          8                 0   0 Idle                                                         
   4730       0      196        120     700,58      4   0 System                                                       
    166      10     2096       9844       0,08      8   0 dllhost                                                      
      0      12    11484      97804       0,86    148   0 Registry                                                     
    120       6     1192       6700       0,02    404   0 CompatTelRunner                                              
     53       3     1100       1076       0,19    492   0 smss                                                         
    347      19     5464      27848       0,33    544   4 RuntimeBroker                                                
   1513      30    13296      29912      12,19    564   0 svchost                                                      
    105       8     6360       8388       0,44    672   0 SgrmBroker                                                   
    650      23     2092       5584       2,09    696   0 csrss                                                        
    176      12     2020       7364       0,08    784   0 wininit                                                      
     37       6     1712       3300       0,03    796   0 fontdrvhost                                                  
    160      10     1852       9152       0,05    812   0 svchost                                                      
    691      12     5988      10436       7,72    852   0 services                                                     
   1483      30     9596      21552       6,80    872   0 lsass                                                        
    273      16    38120      72500       2,92    940   4 chrome                                                       
   1308      21     9524      16756      19,17   1072   0 svchost                                                      
    510      19     5280      27100       1,39   1092   4 ctfmon                                                       
    330      11     3072       8496       0,45   1124   0 svchost                                                      
    610      20     7844      29176       1,89   1172   4 sihost                                                       
    267      16     7684      15292       0,02   1288   4 steamwebhelper                                               
    160      10     6808      14480       0,02   1296   0 conhost                                                      
    241      13     2592       9932       0,17   1360   0 svchost                                                      
    335      10     2568      11788       0,36   1368   0 svchost                                                      
    427      24    21012      33764       0,08   1384   4 ApplicationFrameHost                                         
    195      12     8904      15964       0,19   1408   0 audiodg                                                      
    433      19     7448      15792       3,42   1444   0 svchost                                                      
    151      14     1816       6144       0,03   1464   0 svchost                                                      
    441      14    17300      18684       2,08   1508   0 svchost                                                      
    263      14     4060      13636       0,53   1516   0 svchost                                                      
    125       8     1640       6712       0,03   1580   0 svchost                                                      
    126       9     6676      13124       0,03   1592   4 conhost                                                      
    471      14     4136       9444       3,75   1616   0 svchost                                                      
    271      15    19668      50168       0,17   1640   4 chrome                                                       
    323      11     3044       9956       1,94   1668   0 svchost                                                      
    156       7     1704       5452       0,38   1676   0 svchost                                                      
    149      22     4976       8232       0,45   1764   0 svchost                                                      
    268      11     3024       7328       2,42   1832   0 svchost                                                      
    442      17     5812      12648       2,50   1972   0 svchost                                                      
    463      17     6680      19496       0,84   2008   0 NVDisplay.Container                                          
    204       7     1328       5188       0,13   2060   0 svchost                                                      
    242      13     3280      14072      29,23   2064   0 svchost                                                      
    187      10     2192       7404       0,09   2080   0 svchost                                                      
    396     125    79796     103320       7,53   2088   4 KeyDominator2                                                
    267      14     4244      16864       0,09   2120   4 conhost                                                      
      0       0      184      16024       5,14   2204   0 Memory Compression                                           
    235      15     2492       9228       0,08   2224   0 svchost                                                      
    287      10     2544       8328       0,92   2292   0 svchost                                                      
    178      10     2460       8372       0,30   2300   0 svchost                                                      
    871      35    37100      50936       2,56   2344   4 NVDisplay.Container                                          
    196      10     2568       7320       0,81   2372   0 svchost                                                      
    131      11     1944       5896       0,48   2396   0 svchost                                                      
    325      15     4328       8960      10,47   2444   0 svchost                                                      
    431      40    18384      40336       5,09   2492   4 chrome                                                       
    206      13     7036      17572       0,06   2504   4 chrome                                                       
    375      15     3332       9596       0,45   2508   0 svchost                                                      
     37       9     3808      10008       0,17   2736   4 fontdrvhost                                                  
    521      16    12288      19812       4,16   2796   0 svchost                                                      
   1622     106   156092     214584       7,19   2892   4 SearchApp                                                    
    209      11     2216       7860       0,08   2904   0 svchost                                                      
    458      14     4372      14372       5,45   2948   0 svchost                                                      
    245      11    11796      20192      11,73   2980   0 svchost                                                      
    242      14     2972      14208       0,17   3096   0 svchost                                                      
    330      12     2852       9484       0,02   3116   0 svchost                                                      
    312      16    61548      98832       5,25   3168   4 chrome                                                       
    457      22     5856      13760       0,19   3296   0 spoolsv                                                      
    449      33    12948      20772       4,91   3332   0 svchost                                                      
    192      11     2228       7564       0,14   3416   0 svchost                                                      
    582      25    18776      26296       2,92   3708   0 svchost                                                      
    373      20    13832      22784      12,17   3724   0 svchost                                                      
    124       8     1664       5656       0,02   3732   0 armsvc                                                       
    396      20     4872      20608       0,25   3740   0 svchost                                                      
    146       8     1696       6056       0,06   3756   0 svchost                                                      
    135       7     1416       5216       0,03   3764   0 svchost                                                      
    519      25     4940      13528       1,97   3772   0 svchost                                                      
    763      29    23712      36920       2,09   3780   0 MsMpEng                                                      
    132       9     1644       5320       0,05   3796   0 svchost                                                      
    393      27     5004      14076       1,22   3808   0 svchost                                                      
    279      16     5228      16160       0,56   3816   0 AGMService                                                   
    325      17     4976      17488       0,61   3828   0 AGSService                                                   
    215      12     2544       8820       0,13   3928   0 svchost                                                      
    375      25     5996      18184       3,70   3936   0 OriginWebHelperService                                       
    267      18     2596       7296       0,52   3944   0 svchost                                                      
    103       7     1308       4748       0,02   4068   0 svchost                                                      
    389      15     4392      21652       1,47   4128   0 svchost                                                      
    397      25     3676      12240       0,17   4176   0 svchost                                                      
    239      13     2908      10660       0,23   4224   0 svchost                                                      
    456      22     5876      16036       0,16   4284   0 dasHost                                                      
    215      13     2116       2020       0,03   4340   0 MicrosoftEdgeUpdate                                          
    133       9     1776       7464       0,02   4688   0 unsecapp                                                     
    478      22     7652      32280       0,44   4768   4 svchost                                                      
   1591      55   112380     196148      13,47   4792   4 chrome                                                       
    169      10     3964      12556       0,03   4800   0 svchost                                                      
    111       8     1428       6476       0,02   4876   0 svchost                                                      
    614      34    65064      91376       4,14   4996   4 Discord                                                      
    296      17     4432      19476       0,27   5148   0 svchost                                                      
    191      10     1956       7776       0,09   5200   0 svchost                                                      
    206      11     2136       9648       0,05   5228   0 svchost                                                      
    380      21     5044      17944       0,38   5472   0 svchost                                                      
    511      26    23832      45564       0,19   5684   4 steamwebhelper                                               
    217      14    12616      27064       0,06   5824   4 chrome                                                       
    245      14    15920      42240       0,08   5864   4 chrome                                                       
    149       8     1488       8064       0,00   5896   0 SearchFilterHost                                             
    855      82    43272      50832      14,33   6028   0 SearchIndexer                                                
    678      35    87052     100768       1,31   6148   4 powershell                                                   
    274      10     1868       9120       0,02   6192   4 SearchProtocolHost                                           
    146      10     1720       6472       0,00   6296   0 svchost                                                      
    760      32    13348      44188       1,03   6304   4 RuntimeBroker                                                
     69       5     2052       4772       0,00   6324   4 cmd                                                          
    287      18     3792       9608       0,31   6384   0 svchost                                                      
    835      52    51940      81212       0,63   6432   4 YourPhone                                                    
    505      30    10656      21868       0,16   6440   0 svchost                                                      
    182      10     1772       1620       0,02   6464   0 GoogleCrashHandler                                           
    155       9     1700       1488       0,00   6532   0 GoogleCrashHandler64                                         
    538      29    54972      87164       1,44   6816   4 steamwebhelper                                               
    230      11     4416      14148       1,17   6860   0 sppsvc                                                       
    640      20     6532      16872       1,13   7016   0 SecurityHealthService                                        
    177       9     7356      11064       0,16   7040   4 bash                                                         
   2437      91   100040     147328       9,23   7268   4 explorer                                                     
    198      13     2692      12580       0,19   7288   0 svchost                                                      
    164      10     2520       9532       0,03   7404   0 WmiPrvSE                                                     
    505      28    12020      29740       0,39   7436   4 steamwebhelper                                               
    305      19    13512      60004       0,09   7504   4 Discord                                                      
    570      34    37820      43060       0,34   7588   4 Video.UI                                                     
    352      20     4900      17364       3,19   7804   0 svchost                                                      
    974      58    38944      77496       2,28   7816   4 Discord                                                      
    620      26    32420      52976       0,88   7852   4 TextInputHost                                                
    178       9     1884       8404       0,03   7868   0 svchost                                                      
    465      20     4412      18436       0,33   7888   0 svchost                                                      
    382      19    57572     108032       1,92   7956   4 chrome                                                       
    283      15     3200      18520       2,73   8020   4 notepad                                                      
    770      36    41332      56524       0,56   8040   4 SystemSettings                                               
    122       8     1524       6780       0,00   8208   0 svchost                                                      
    276      13     5200      10860       0,45   8268   0 svchost                                                      
    230      15     6984      18176       0,08   8544   4 chrome                                                       
    288      13     2856      11584       0,20   8652   4 winlogon                                                     
    239      14    16224      45568       0,20   8792   4 chrome                                                       
    212      13     5228      14028       0,42   8856   0 svchost                                                      
    212      14    12344      25524       0,02   8960   4 Discord                                                      
   1188      57    72396      68596       8,14   9112   4 dwm                                                          
    243      23     6204      14220       0,06   9256   4 dllhost                                                      
    262      15     3160      13188       0,11   9332   4 svchost                                                      
    202      14     4700      13380       0,13   9484   0 WmiPrvSE                                                     
    411      24     4940      15712       0,16   9556   4 RtkNGUI64                                                    
     89       6     1456       5548       0,00   9684   4 git-bash                                                     
    525      21   161908     221316      12,72   9816   4 chrome                                                       
    215      10     1984       8000       0,02   9884   4 chrome                                                       
    349      18     4292      20304       1,03  10088   4 RuntimeBroker                                                
    276      32     6676      16644       0,14  10156   4 taskhostw                                                    
    283      15     3576      21456       0,11  10192   4 RuntimeBroker                                                
    833     112   130604     185972       8,83  10316   4 Discord                                                      
    196      15     6644      10132       0,06  10564   0 svchost                                                      
    446      22     7636      25628       0,77  10620   0 svchost                                                      
    554      29    68108     100220       3,28  10720   4 steamwebhelper                                               
    272      14     7504      20060       0,28  10792   4 conhost                                                      
    226      12     3072      12256       3,88  10888   0 svchost                                                      
    372      17     4572      16864       0,28  10996   0 svchost                                                      
    154       9     1932      11884       0,09  11052   0 svchost                                                      
    175      13     6796      16688       0,05  11132   4 chrome                                                       
    630      31    50948      61184       0,58  11284   4 steamwebhelper                                               
    731      35    39512      77404       1,44  12036   4 StartMenuExperienceHost                                      
    124       7     3228       9048       0,05  12132   0 svchost                                                      
    219      13     2108       1932       0,02  12156   0 GoogleUpdate                                                 
    310      15     3776      22112       0,11  12376   4 svchost                                                      
    341      16    23316      32604       3,89  12672   0 CompatTelRunner                                              
    319      16     6932      20688       0,33  12720   4 svchost                                                      
    558      32     2608       6504       1,98  12920   4 csrss                                                        
    422      23     8884      25328       0,09  13032   4 smartscreen                                                  
    986      81    54536      88724       5,52  13040   4 steam                                                        
    146      10     1740       8536       0,05  13044   0 svchost                                                      
    322      23    15932      39392       0,61  13088   4 Discord                                                      
    629      32   129332      94456       3,19  13280   4 chrome                                                       
    337      19     8220      18384       0,67  13308   4 mintty                                                       
    241      14     6056      12304       0,17  13980   0 SteamService                                                 
    780      34    21672      59836       1,66  14084   4 steamwebhelper                                               
    181      10     1956      10136       0,02  14104   4 SecurityHealthSystray                                        
    243      15     3516      15200       0,05  14184   4 dllhost                                                      
    560      70    16008      27944       1,05  14268   0 svchost                                                      

